Starting to read the data file...

Reached the end of the data file. Total rows read: 11

Name                 | Test1       Test2       Test3       Test4       Average    
----                 | ----        ----        ----        ----        ----       
Albert Einstein      | 53          75          92          68          72.00      
Charles Babbage      | 96          72          85          92          86.25      
Claude Shannon       | 91          86          87          41          76.25      
John VonNeumann      | 40          93          92          78          75.75      
Niklaus Wirth        | 59          83          91          67          75.00      
Ada Lovelace         | 91          84          98          63          84.00      
Thomas Bayes         | 70          81          92          100         85.75      
Sofia Kovalevskaya   | 31          46          53          61          47.75      
Blaise Pascal        | 90          72          80          75          79.25      
Grace Hopper         | 81          92          73          80          81.50      
Isaac Newton         | 32          85          93          67          69.25      



Total students in class: 11




SORTED BY AVERAGE
-----------------

Name                 | Test1       Test2       Test3       Test4       Average    
----                 | ----        ----        ----        ----        ----       
Charles Babbage      | 96          72          85          92          86.25      
Thomas Bayes         | 70          81          92          100         85.75      
Ada Lovelace         | 91          84          98          63          84.00      
Grace Hopper         | 81          92          73          80          81.50      
Blaise Pascal        | 90          72          80          75          79.25      
Claude Shannon       | 91          86          87          41          76.25      
John VonNeumann      | 40          93          92          78          75.75      
Niklaus Wirth        | 59          83          91          67          75.00      
Albert Einstein      | 53          75          92          68          72.00      
Isaac Newton         | 32          85          93          67          69.25      
Sofia Kovalevskaya   | 31          46          53          61          47.75      









CLASS STATISTICS
-----------------

      Stat |      Mean |      Mode |    Median |        SD |
------------------------------------------------------------
    Test 1 |     66.73 |        91 |        70 |   23.8102 |
    Test 2 |     79.00 |        72 |        83 |   12.4243 |
    Test 3 |     85.09 |        92 |        91 |   12.1090 |
    Test 4 |     72.00 |        67 |        68 |   15.1418 |



SORTED BY AVERAGE (ORIGINAL)
----------------------------

Name                 | Test1       Test2       Test3       Test4       Average    
----                 | ----        ----        ----        ----        ----       
Charles Babbage      | 96          72          85          92          86.25      
Thomas Bayes         | 70          81          92          100         85.75      
Ada Lovelace         | 91          84          98          63          84.00      
Grace Hopper         | 81          92          73          80          81.50      
Blaise Pascal        | 90          72          80          75          79.25      
Claude Shannon       | 91          86          87          41          76.25      
John VonNeumann      | 40          93          92          78          75.75      
Niklaus Wirth        | 59          83          91          67          75.00      
Albert Einstein      | 53          75          92          68          72.00      
Isaac Newton         | 32          85          93          67          69.25      
Sofia Kovalevskaya   | 31          46          53          61          47.75      



LOWEST SCORE DROPPED
-----------------

Name                 | Test1       Test2       Test3       Test4       Average    
----                 | ----        ----        ----        ----        ----       
Charles Babbage      | 96          ***         85          92          91.00      
Thomas Bayes         | ***         81          92          100         91.00      
Ada Lovelace         | 91          84          98          ***         91.00      
Claude Shannon       | 91          86          87          ***         88.00      
John VonNeumann      | ***         93          92          78          87.67      
Grace Hopper         | 81          92          ***         80          84.33      
Blaise Pascal        | 90          ***         80          75          81.67      
Isaac Newton         | ***         85          93          67          81.67      
Niklaus Wirth        | ***         83          91          67          80.33      
Albert Einstein      | ***         75          92          68          78.33      
Sofia Kovalevskaya   | ***         46          53          61          53.33      



